['JMP', 24]
0
['AFC', 0, 0]
0
['AFC', 1, 0]
0
['COP', 0, 1]
0
['AFC', 1, 0]
0
['AFC', 2, 0]
0
['AFC', 3, 33]
0
['COP', 4, 0]
0
['OFFSETP', 2]
0
['CALL', 3, 2]
2
['COP', 3, 2]
2
['AFC', 4, 1]
2
['EQ', 3, 3, 4]
2
['JMF', 3, 10]
2
['COP', 3, 2]
2
['AFC', 4, 3]
2
['INF', 3, 3, 4]
2
['JMF', 3, 19]
2
['COP', 3, 2]
2
['AFC', 4, 1]
2
['ADD', 3, 3, 4]
2
['COP', 2, 3]
2
['JMP', 10]
2
['COP', 3, 2]
2
['AFC', 4, 3]
2
['INF', 3, 3, 4]
2
['JMF', 3, 19]
2
['COP', 3, 2]
2
['AFC', 4, 1]
2
['ADD', 3, 3, 4]
2
['COP', 2, 3]
2
['JMP', 10]
2
['COP', 3, 2]
2
['AFC', 4, 3]
2
['INF', 3, 3, 4]
2
['JMF', 3, 19]
2
['COP', 3, 2]
2
['AFC', 4, 1]
2
['ADD', 3, 3, 4]
2
['COP', 2, 3]
2
['JMP', 10]
2
['COP', 3, 2]
2
['AFC', 4, 3]
2
['INF', 3, 3, 4]
2
['JMF', 3, 19]
2
['COP', 3, 2]
2
['COP', 0, 3]
2
['RET', 1]
2
['OFFSETN', 2]
2
['COP', 1, 2]
0
['AFC', 2, 0]
0
['AFC', 3, 40]
0
['COP', 4, 0]
0
['OFFSETP', 2]
0
['CALL', 3, 2]
2
['COP', 3, 2]
2
['AFC', 4, 1]
2
['EQ', 3, 3, 4]
2
['JMF', 3, 10]
2
['COP', 3, 2]
2
['AFC', 4, 3]
2
['INF', 3, 3, 4]
2
['JMF', 3, 19]
2
['COP', 3, 2]
2
['AFC', 4, 1]
2
['ADD', 3, 3, 4]
2
['COP', 2, 3]
2
['JMP', 10]
2
['COP', 3, 2]
2
['AFC', 4, 3]
2
['INF', 3, 3, 4]
2
['JMF', 3, 19]
2
['COP', 3, 2]
2
['AFC', 4, 1]
2
['ADD', 3, 3, 4]
2
['COP', 2, 3]
2
['JMP', 10]
2
['COP', 3, 2]
2
['AFC', 4, 3]
2
['INF', 3, 3, 4]
2
['JMF', 3, 19]
2
['COP', 3, 2]
2
['AFC', 4, 1]
2
['ADD', 3, 3, 4]
2
['COP', 2, 3]
2
['JMP', 10]
2
['COP', 3, 2]
2
['AFC', 4, 3]
2
['INF', 3, 3, 4]
2
['JMF', 3, 19]
2
['COP', 3, 2]
2
['COP', 0, 3]
2
['RET', 1]
2
['OFFSETN', 2]
2
['COP', 1, 2]
0
['COP', 2, 1]
0
['PRINT', 2]
0
3
